BF : Factor de ramificación empírico
D  : Profundidad para la cual el número de nodos supera el número de estados

-----------------------
Pancake 24
-----------------------
------------------------------------------
BF           N=0         N=1         N=2
------------------------------------------
0      23.000000   23.000000   23.000000
1      23.000000   22.000000   22.000000
2      23.000000   22.000000   21.998024
3      23.000000   22.000000   21.998024
4      23.000000   22.000000   21.998028
5      23.000000   22.000000   21.998028
6      23.000000   22.000000   21.998026
------------------------------------------
D              2           2           2
------------------------------------------

-----------------------
Pancake 28
-----------------------
------------------------------------------
BF           N=0         N=1         N=2
------------------------------------------
0      27.000000   27.000000   27.000000
1      27.000000   26.000000   26.000000
2      27.000000   26.000000   25.998575
3      27.000000   26.000000   25.998575
4      27.000000   26.000000   25.998577
5      27.000000   26.000000   25.998579
6       4.827878   12.611579   12.607223
------------------------------------------
D              2           2           2
------------------------------------------

-----------------------
TopSpin 22 4
-----------------------
------------------------------------------
BF           N=0         N=1         N=2
------------------------------------------
0      22.000000   22.000000   22.000000
1      22.000000   13.500000   13.500000
2      22.000000   11.218855   10.888889
3      22.000000   10.479292    9.800866
4      22.000000   10.282784    9.333607
5      22.000000   10.265965    9.162322
6      22.000002   10.286698    9.127989
7       1.337525   10.302634    9.144390
------------------------------------------
D              2           2           2
------------------------------------------

-----------------------
TopSpin 26 4
-----------------------
------------------------------------------
BF           N=0         N=1         N=2
------------------------------------------
0      26.000000   26.000000   26.000000
1      26.000000   15.500000   15.500000
2      26.000000   12.506204   12.193548
3      26.000000   11.431349   10.735247
4      26.000000   11.102475   10.047884
5      26.000000   11.067207    9.757697
6      12.096640   11.111684    9.680469
7       0.714141   11.151416    9.702580
------------------------------------------
D              2           2           2
------------------------------------------

-----------------------
DUZZLE
-----------------------
------------------------------------------
BF           N=0        N=1        N=2
------------------------------------------
0       3.000000   3.000000   3.000000
1       3.000000   2.000000   2.000000
2       3.111111   2.166667   2.166667
3       3.000000   1.846154   1.846154
4       3.059524   1.750000   1.750000
5       3.015564   1.976190   1.976190
6       3.043871   2.036144   2.036144
7       3.024587   1.946746   1.946746
8       3.037421   1.866261   1.866261
9       3.028793   1.903909   1.903909
10      3.034567   1.969204   1.969204
11      3.030694   1.948740   1.948740
12      3.033289   1.913286   1.913286
13      3.031550   1.916929   1.916929
14      3.032715   1.937458   1.937458
15      3.031934   1.939141   1.939141
16      3.032458   1.926829   1.926829
17      3.032107   1.924974   1.924974
18      3.032342   1.931671   1.931671
19      0.014283   1.933235   1.933235
20      9.854966   1.929660   1.929660
------------------------------------------
D              4          5          5
------------------------------------------

-----------------------
Hanoi 14 4
-----------------------
-------------------------------
BF          N=0        N=1 
-------------------------------
0      3.000000   3.000000
1      5.000000   5.000000
2      5.000000   4.600000
3      5.240000   4.739130
4      5.366412   4.871560
5      5.446657   4.935970
6      5.517106   5.002289
7      5.566154   5.048966
8      5.608258   5.088433
9      5.641695   5.120170
10     5.670275   5.147038
11     5.694406   5.169660
12     5.715302   5.189146
-------------------------------
D             4          4 
-------------------------------

-----------------------
Hanoi 16 4
-----------------------
-------------------------------
BF          N=0        N=1 
-------------------------------
0      3.000000   3.000000
1      5.000000   5.000000
2      5.000000   4.600000
3      5.240000   4.739130
4      5.366412   4.871560
5      5.446657   4.935970
6      5.517106   5.002289
7      5.566154   5.048966
8      5.608258   5.088433
9      5.641695   5.120170
10     5.670275   5.147038
11     5.694406   5.169660
12     5.715302   5.189146       
-------------------------------
D             4          4 
-------------------------------