-----------------------
Pancake 24
-----------------------
------------------------------------------
Depth         N=0         N=1         N=2
------------------------------------------
0               1           1           1   
1              23          23          23  
2             529         506         506  
3           12167       11132       11131 
4          279841      244904      244860
5         6436343     5387888     5386437 
6       148035889   118533536   118490988
------------------------------------------

-----------------------
Pancake 28
-----------------------
------------------------------------------
Depth         N=0        N=1         N=2
------------------------------------------
0               1          1           1 
1              27         27          27 
2             729        702         702 
3           19683      18252       18251
4          531441     474552      474500 
5        14348907   12338352    12336325
6       387420489  320797152   320726900 
------------------------------------------

-----------------------
TopSpin 22 4
-----------------------
------------------------------------------
Depth         N=0        N=1         N=2
------------------------------------------
0               1          1           1
1              22         22          22
2             484        297         297
3           10648       3332        3234
4          234256      34917       31696
5         5153632     359044      295838
6       113379904    3685933     2710563
7      2494357888   37916082    24741989
------------------------------------------

-----------------------
TopSpin 26 4
-----------------------
------------------------------------------
Depth         N=0        N=1         N=2
------------------------------------------
0               1          1           1
1              26         26          26   
2             676        403         403    
3           17576       5040        4914    
4          456976      57614       52753      
5        11881376     639658      530056       
6       308915776    7079228     5172126         
7      3736842880   78662142    50068605          
------------------------------------------

-----------------------
PUZZLE
-----------------------
------------------------------------------
Depth         N=0        N=1         N=2
------------------------------------------
0               1          1           1
1               3          3           3
2               9          6           6 
3              28         13          13  
4              84         24          24  
5             257         42          42    
6             775         83          83   
7            2359        169         169    
8            7135        329         329      
9           21672        614         614      
10          65640       1169        1169    
11         199189       2302        2302      
12         603681       4486        4486      
13        1831139       8583        8583      
14        5551189      16453       16453     
15       16835176      31877       31877      
16       51043144      61814       61814      
17      154786173     119105      119105       
18      469328199     229274      229274      
19     1423163575     442882      442882      
20       20326955     856195      856195       
------------------------------------------

-----------------------
Hanoi 14 4
-----------------------
-------------------------------
Depth         N=0        N=1 
-------------------------------
0              1           1             
1              3           3              
2             15          15               
3             75          69                 
4            393         327                
5           2109        1593                 
6          11487        7863                  
7          63375       39333                  
8         352755      198591                 
9        1978341     1010517                   
10      11161197     5174019                    
11      63287061    26630877                   
12     360382215   137672583                    
-------------------------------

-----------------------
Hanoi 16 4
-----------------------
-------------------------------
Depth        N=0        N=1 
-------------------------------
0              1          1     
1              3          3       
2             15         15       
3             75         69         
4            393        327        
5           2109       1593         
6          11487       7863         
7          63375      39333          
8         352755     198591         
9        1978341    1010517          
10      11161197    5174019           
11      63287061   26630877            
12     360382215  137672583           
-------------------------------