Estados iniciales:

pancake 24

1 2 3 4 5 6 9 8 7 10 19 18 17 16 15 14 13 12 11 20 21 22 23 0

pancake 28

4 15 0 8 2 27 22 21 7 26 13 17 3 11 20 24 1 23 25 5 18 14 9 16 6 10 12 19

TopSpin 22 4

1 2 3 4 5 6 7 8 9 0 10 11 12 13 14 15 16 17 18 21 19 20

TopSpin 26 4

1 2 3 4 5 6 7 8 9 0 10 11 12 13 14 15 16 22 23 24 25 17 18 21 19 20

PUZZLE

3 1 2 4 7 5 B 6 10 9 11 8

Hanoi 14 4

1 0 0 0 1 0 0 0 1 0 0 0 1 0 0 0 1 0 0 0 1 0 0 0 1 0 0 0 1 0 0 0 1 0 0 0 1 0 0 0 1 0 0 0 1 0 0 0 1 0 0 0 1 0 0 0

Hanoi 16 4

1 0 0 0 1 0 0 0 1 0 0 0 1 0 0 0 1 0 0 0 1 0 0 0 1 0 0 0 1 0 0 0 1 0 0 0 1 0 0 0 1 0 0 0 1 0 0 0 1 0 0 0 1 0 0 0 1 0 0 0 1 0 0 0