-----------------------
Pancake 24
-----------------------
N=0
Depth	Nodos 
0	1 
1	23 
2	529 
3	12167 
4	279841 
5	6436343 
6	148035889 

N=1
Depth	Nodos 
0	1 
1	23 
2	506 
3	11132 
4	244904 
5	5387888 
6	118533536 

N=2
Depth	Nodos 
0	1 
1	23 
2	506 
3	11131 
4	244860 
5	5386437 
6	118490988 

-----------------------
Pancake 28
-----------------------
N=0
Depth	Nodos 
0	1 
1	27 
2	729 
3	19683 
4	531441 
5	14348907 
6	387420489 

N=1
Depth	Nodos 
0	1 
1	27 
2	702 
3	18252 
4	474552 
5	12338352 
6	320797152 

N=2
Depth	Nodos 
0	1 
1	27 
2	702 
3	18251 
4	474500 
5	12336325 
6	320726900 

-----------------------
TopSpin 22 4
-----------------------
N=0
Depth	Nodos 
0	1 
1	22 
2	484 
3	10648 
4	234256 
5	5153632 
6	113379904 
7	2494357888 

N=1
Depth	Nodos 
0	1 
1	22 
2	297 
3	3332 
4	34917 
5	359044 
6	3685933 
7	37916082 

N=2
Depth	Nodos 
0	1 
1	22 
2	297 
3	3234 
4	31696 
5	295838 
6	2710563 
7	24741989 

-----------------------
TopSpin 26 4
-----------------------
N=0
Depth	Nodos 
0	1 
1	26 
2	676 
3	17576 
4	456976 
5	11881376 
6	308915776 
7	3736842880 

N=1
Depth	Nodos 
0	1 
1	26 
2	403 
3	5040 
4	57614 
5	639658 
6	7079228 
7	78662142 

N=2
Depth	Nodos 
0	1 
1	26 
2	403 
3	4914 
4	52753 
5	530056 
6	5172126 
7	50068605 

-----------------------
Hanoi 14 4
-----------------------
N=0
Depth	Nodos 
0	1 
1	12 
2	108 
3	852 
4	6348 
5	45924 
6	326460 
7	2292852 
8	15950940 
9	110051172 
10	753514860 
11	827434004 
12	226580860 

N=1
Depth	Nodos 
0	1 
1	7 
2	43 
3	253 
4	1474 
5	8541 
6	49277 
7	283374 
8	1625259 
9	9300358 
10	53113649 
11	302778888 
12	1723142637 

-----------------------
Hanoi 16 4
-----------------------
N=0
Depth	Nodos 
0	1 
1	12 
2	108 
3	852 
4	6348 
5	45924 
6	326460 
7	2292852 
8	15950940 
9	110051172 
10	753513540 
11	827395532 
12	225893116 

N=1
Depth	Nodos 
0	1 
1	7 
2	43 
3	253 
4	1474 
5	8541 
6	49277 
7	283374 
8	1625259 
9	9300358 
10	53113649 
11	302778888 
12	1723142637 
